  0.00000000E+00 -0.18652755E+02
  0.17008143E-01 -0.18652828E+02
  0.34016287E-01 -0.18651228E+02
  0.51024430E-01 -0.18647882E+02
  0.68032573E-01 -0.18642729E+02
  0.85040717E-01 -0.18635722E+02
  0.10204886E+00 -0.18626833E+02
  0.11905700E+00 -0.18616060E+02
  0.13606515E+00 -0.18603421E+02
  0.15307329E+00 -0.18588959E+02
  0.17008143E+00 -0.18572736E+02
  0.18708958E+00 -0.18554830E+02
  0.20409772E+00 -0.18535327E+02
  0.22110586E+00 -0.18514314E+02
  0.23811401E+00 -0.18491876E+02
  0.25512215E+00 -0.18468087E+02
  0.27213029E+00 -0.18443006E+02
  0.28913844E+00 -0.18416675E+02
  0.30614658E+00 -0.18389118E+02
  0.32315472E+00 -0.18360340E+02
  0.34016287E+00 -0.18330333E+02
  0.35717101E+00 -0.18299071E+02
  0.37417915E+00 -0.18266520E+02
  0.39118730E+00 -0.18232633E+02
  0.40819544E+00 -0.18197359E+02
  0.42520358E+00 -0.18160637E+02
  0.44221173E+00 -0.18122403E+02
  0.45921987E+00 -0.18082584E+02
  0.47622801E+00 -0.18041107E+02
  0.49323616E+00 -0.17997898E+02
  0.51024430E+00 -0.17952882E+02
  0.52725244E+00 -0.17905995E+02
  0.54426059E+00 -0.17857183E+02
  0.56126873E+00 -0.17806411E+02
  0.57827687E+00 -0.17753666E+02
  0.59528502E+00 -0.17698966E+02
  0.61229316E+00 -0.17642354E+02
  0.62930130E+00 -0.17583905E+02
  0.64630945E+00 -0.17523718E+02
  0.66331759E+00 -0.17461912E+02
  0.68032573E+00 -0.17398615E+02
  0.69733388E+00 -0.17333961E+02
  0.71434202E+00 -0.17268072E+02
  0.73135017E+00 -0.17201053E+02
  0.74835831E+00 -0.17132983E+02
  0.76536645E+00 -0.17063907E+02
  0.78237460E+00 -0.16993838E+02
  0.79938274E+00 -0.16922753E+02
  0.81639088E+00 -0.16850596E+02
  0.83339903E+00 -0.16777287E+02
  0.85040717E+00 -0.16702726E+02
  0.86741531E+00 -0.16626805E+02
  0.88442346E+00 -0.16549413E+02
  0.90143160E+00 -0.16470450E+02
  0.91843974E+00 -0.16389828E+02
  0.93544789E+00 -0.16307481E+02
  0.95245603E+00 -0.16223371E+02
  0.96946417E+00 -0.16137482E+02
  0.98647232E+00 -0.16049830E+02
  0.10034805E+01 -0.15960453E+02
  0.10204886E+01 -0.15869413E+02
  0.10374967E+01 -0.15776789E+02
  0.10545049E+01 -0.15682674E+02
  0.10715130E+01 -0.15587170E+02
  0.10885212E+01 -0.15490379E+02
  0.11055293E+01 -0.15392403E+02
  0.11225375E+01 -0.15293335E+02
  0.11395456E+01 -0.15193260E+02
  0.11565537E+01 -0.15092245E+02
  0.11735619E+01 -0.14990345E+02
  0.11905700E+01 -0.14887596E+02
  0.12075782E+01 -0.14784019E+02
  0.12245863E+01 -0.14679619E+02
  0.12415945E+01 -0.14574388E+02
  0.12586026E+01 -0.14468310E+02
  0.12756108E+01 -0.14361361E+02
  0.12926189E+01 -0.14253518E+02
  0.13096270E+01 -0.14144762E+02
  0.13266352E+01 -0.14035080E+02
  0.13436433E+01 -0.13924476E+02
  0.13606515E+01 -0.13812971E+02
  0.13776596E+01 -0.13700609E+02
  0.13946678E+01 -0.13587458E+02
  0.14116759E+01 -0.13473618E+02
  0.14286840E+01 -0.13359217E+02
  0.14456922E+01 -0.13244415E+02
  0.14627003E+01 -0.13129409E+02
  0.14797085E+01 -0.13014426E+02
  0.14967166E+01 -0.12899735E+02
  0.15137248E+01 -0.12785640E+02
  0.15307329E+01 -0.12672489E+02
  0.15477410E+01 -0.12560679E+02
  0.15647492E+01 -0.12450663E+02
  0.15817573E+01 -0.12342956E+02
  0.15987655E+01 -0.12238152E+02
  0.16157736E+01 -0.12136926E+02
  0.16327818E+01 -0.12040045E+02
  0.16497899E+01 -0.11948367E+02
  0.16667981E+01 -0.11862831E+02
  0.16838062E+01 -0.11784416E+02
  0.17008143E+01 -0.11714089E+02
  0.17178225E+01 -0.11780118E+02
  0.17348306E+01 -0.11844753E+02
  0.17518387E+01 -0.11907930E+02
  0.17688469E+01 -0.11969627E+02
  0.17858550E+01 -0.12029843E+02
  0.18028632E+01 -0.12088587E+02
  0.18198713E+01 -0.12145886E+02
  0.18368794E+01 -0.12201782E+02
  0.18538876E+01 -0.12256325E+02
  0.18708957E+01 -0.12309573E+02
  0.18879038E+01 -0.12361589E+02
  0.19049120E+01 -0.12412431E+02
  0.19219201E+01 -0.12462154E+02
  0.19389283E+01 -0.12510804E+02
  0.19559364E+01 -0.12558411E+02
  0.19729445E+01 -0.12604993E+02
  0.19899527E+01 -0.12650550E+02
  0.20069608E+01 -0.12695065E+02
  0.20239689E+01 -0.12738507E+02
  0.20409771E+01 -0.12780828E+02
  0.20579852E+01 -0.12821971E+02
  0.20749934E+01 -0.12861870E+02
  0.20920015E+01 -0.12900454E+02
  0.21090096E+01 -0.12937650E+02
  0.21260178E+01 -0.12973390E+02
  0.21430259E+01 -0.13007611E+02
  0.21600340E+01 -0.13040263E+02
  0.21770422E+01 -0.13071306E+02
  0.21940503E+01 -0.13100718E+02
  0.22110585E+01 -0.13128493E+02
  0.22280666E+01 -0.13154641E+02
  0.22450747E+01 -0.13179188E+02
  0.22620829E+01 -0.13202177E+02
  0.22790910E+01 -0.13223660E+02
  0.22960991E+01 -0.13243697E+02
  0.23131073E+01 -0.13262352E+02
  0.23301154E+01 -0.13279689E+02
  0.23471236E+01 -0.13295767E+02
  0.23641317E+01 -0.13310635E+02
  0.23811398E+01 -0.13324331E+02
  0.23981480E+01 -0.13336880E+02
  0.24151561E+01 -0.13348288E+02
  0.24321642E+01 -0.13358549E+02
  0.24491724E+01 -0.13367641E+02
  0.24661805E+01 -0.13375530E+02
  0.24831887E+01 -0.13382172E+02
  0.25001968E+01 -0.13387515E+02
  0.25172049E+01 -0.13391506E+02
  0.25342131E+01 -0.13394092E+02
  0.25512212E+01 -0.13395223E+02
  0.25681518E+01 -0.13409646E+02
  0.25850824E+01 -0.13451569E+02
  0.26020130E+01 -0.13515087E+02
  0.26189437E+01 -0.13593903E+02
  0.26358743E+01 -0.13682982E+02
  0.26528049E+01 -0.13778768E+02
  0.26697355E+01 -0.13878867E+02
  0.26866661E+01 -0.13981672E+02
  0.27035967E+01 -0.14086093E+02
  0.27205273E+01 -0.14191377E+02
  0.27374580E+01 -0.14296994E+02
  0.27543886E+01 -0.14402564E+02
  0.27713192E+01 -0.14507812E+02
  0.27882498E+01 -0.14612535E+02
  0.28051804E+01 -0.14716584E+02
  0.28221110E+01 -0.14819844E+02
  0.28390416E+01 -0.14922228E+02
  0.28559722E+01 -0.15023664E+02
  0.28729029E+01 -0.15124091E+02
  0.28898335E+01 -0.15223454E+02
  0.29067641E+01 -0.15321707E+02
  0.29236947E+01 -0.15418803E+02
  0.29406253E+01 -0.15514706E+02
  0.29575559E+01 -0.15609384E+02
  0.29744865E+01 -0.15702815E+02
  0.29914171E+01 -0.15794983E+02
  0.30083478E+01 -0.15885883E+02
  0.30252784E+01 -0.15975514E+02
  0.30422090E+01 -0.16063879E+02
  0.30591396E+01 -0.16150978E+02
  0.30760702E+01 -0.16236803E+02
  0.30930008E+01 -0.16321336E+02
  0.31099314E+01 -0.16404544E+02
  0.31268620E+01 -0.16486378E+02
  0.31437927E+01 -0.16566779E+02
  0.31607233E+01 -0.16645677E+02
  0.31776539E+01 -0.16723002E+02
  0.31945845E+01 -0.16798694E+02
  0.32115151E+01 -0.16872706E+02
  0.32284457E+01 -0.16945016E+02
  0.32453763E+01 -0.17015628E+02
  0.32623070E+01 -0.17084575E+02
  0.32792376E+01 -0.17151910E+02
  0.32961682E+01 -0.17217708E+02
  0.33130988E+01 -0.17282047E+02
  0.33300294E+01 -0.17345006E+02
  0.33469600E+01 -0.17406651E+02
  0.33638906E+01 -0.17467029E+02
  0.33808212E+01 -0.17526166E+02
  0.33977519E+01 -0.17584062E+02
  0.34146825E+01 -0.17640695E+02
  0.34316131E+01 -0.17696024E+02
  0.34485437E+01 -0.17749993E+02
  0.34654743E+01 -0.17802539E+02
  0.34824049E+01 -0.17853596E+02
  0.34993355E+01 -0.17903101E+02
  0.35162661E+01 -0.17951001E+02
  0.35331968E+01 -0.17997251E+02
  0.35501274E+01 -0.18041825E+02
  0.35670580E+01 -0.18084708E+02
  0.35839886E+01 -0.18125902E+02
  0.36009192E+01 -0.18165426E+02
  0.36178498E+01 -0.18203307E+02
  0.36347804E+01 -0.18239585E+02
  0.36517110E+01 -0.18274303E+02
  0.36686417E+01 -0.18307506E+02
  0.36855723E+01 -0.18339236E+02
  0.37025029E+01 -0.18369528E+02
  0.37194335E+01 -0.18398407E+02
  0.37363641E+01 -0.18425886E+02
  0.37532947E+01 -0.18451962E+02
  0.37702253E+01 -0.18476620E+02
  0.37871560E+01 -0.18499830E+02
  0.38040866E+01 -0.18521553E+02
  0.38210172E+01 -0.18541740E+02
  0.38379478E+01 -0.18560341E+02
  0.38548784E+01 -0.18577304E+02
  0.38718090E+01 -0.18592585E+02
  0.38887396E+01 -0.18606149E+02
  0.39056702E+01 -0.18617970E+02
  0.39226009E+01 -0.18628040E+02
  0.39395315E+01 -0.18636362E+02
  0.39564621E+01 -0.18642956E+02
  0.39733927E+01 -0.18647850E+02
  0.39903233E+01 -0.18651085E+02
  0.40072539E+01 -0.18652704E+02
  0.40241845E+01 -0.18652755E+02
  
  0.00000000E+00 -0.67405267E+01
  0.17008143E-01 -0.67381917E+01
  0.34016287E-01 -0.67341076E+01
  0.51024430E-01 -0.67283428E+01
  0.68032573E-01 -0.67209495E+01
  0.85040717E-01 -0.67119617E+01
  0.10204886E+00 -0.67013944E+01
  0.11905700E+00 -0.66892439E+01
  0.13606515E+00 -0.66754897E+01
  0.15307329E+00 -0.66600967E+01
  0.17008143E+00 -0.66430179E+01
  0.18708958E+00 -0.66241974E+01
  0.20409772E+00 -0.66035733E+01
  0.22110586E+00 -0.65810810E+01
  0.23811401E+00 -0.65566563E+01
  0.25512215E+00 -0.65302387E+01
  0.27213029E+00 -0.65017755E+01
  0.28913844E+00 -0.64712256E+01
  0.30614658E+00 -0.64385636E+01
  0.32315472E+00 -0.64037835E+01
  0.34016287E+00 -0.63669019E+01
  0.35717101E+00 -0.63279596E+01
  0.37417915E+00 -0.62870212E+01
  0.39118730E+00 -0.62441719E+01
  0.40819544E+00 -0.61995121E+01
  0.42520358E+00 -0.61531488E+01
  0.44221173E+00 -0.61051866E+01
  0.45921987E+00 -0.60557169E+01
  0.47622801E+00 -0.60048095E+01
  0.49323616E+00 -0.59525054E+01
  0.51024430E+00 -0.58988129E+01
  0.52725244E+00 -0.58437080E+01
  0.54426059E+00 -0.57871370E+01
  0.56126873E+00 -0.57290226E+01
  0.57827687E+00 -0.56692717E+01
  0.59528502E+00 -0.56077843E+01
  0.61229316E+00 -0.55444663E+01
  0.62930130E+00 -0.54792645E+01
  0.64630945E+00 -0.54160881E+01
  0.66331759E+00 -0.55301344E+01
  0.68032573E+00 -0.56514738E+01
  0.69733388E+00 -0.57728872E+01
  0.71434202E+00 -0.58944426E+01
  0.73135017E+00 -0.60162432E+01
  0.74835831E+00 -0.61383811E+01
  0.76536645E+00 -0.62609167E+01
  0.78237460E+00 -0.63838632E+01
  0.79938274E+00 -0.65071775E+01
  0.81639088E+00 -0.66307570E+01
  0.83339903E+00 -0.67544437E+01
  0.85040717E+00 -0.68780349E+01
  0.86741531E+00 -0.70012981E+01
  0.88442346E+00 -0.71239889E+01
  0.90143160E+00 -0.72458692E+01
  0.91843974E+00 -0.73667244E+01
  0.93544789E+00 -0.74863773E+01
  0.95245603E+00 -0.76046972E+01
  0.96946417E+00 -0.77216051E+01
  0.98647232E+00 -0.78370735E+01
  0.10034805E+01 -0.79511215E+01
  0.10204886E+01 -0.80638072E+01
  0.10374967E+01 -0.81752170E+01
  0.10545049E+01 -0.82854553E+01
  0.10715130E+01 -0.83946333E+01
  0.10885212E+01 -0.85028603E+01
  0.11055293E+01 -0.86102369E+01
  0.11225375E+01 -0.87168493E+01
  0.11395456E+01 -0.88227665E+01
  0.11565537E+01 -0.89280374E+01
  0.11735619E+01 -0.90326888E+01
  0.11905700E+01 -0.91367231E+01
  0.12075782E+01 -0.92401166E+01
  0.12245863E+01 -0.93428180E+01
  0.12415945E+01 -0.94447485E+01
  0.12586026E+01 -0.95458045E+01
  0.12756108E+01 -0.96458616E+01
  0.12926189E+01 -0.97447826E+01
  0.13096270E+01 -0.98424270E+01
  0.13266352E+01 -0.99386615E+01
  0.13436433E+01 -0.10033372E+02
  0.13606515E+01 -0.10126471E+02
  0.13776596E+01 -0.10217907E+02
  0.13946678E+01 -0.10307668E+02
  0.14116759E+01 -0.10395781E+02
  0.14286840E+01 -0.10482307E+02
  0.14456922E+01 -0.10567335E+02
  0.14627003E+01 -0.10650974E+02
  0.14797085E+01 -0.10733341E+02
  0.14967166E+01 -0.10814552E+02
  0.15137248E+01 -0.10894712E+02
  0.15307329E+01 -0.10973908E+02
  0.15477410E+01 -0.11052205E+02
  0.15647492E+01 -0.11129640E+02
  0.15817573E+01 -0.11206223E+02
  0.15987655E+01 -0.11281938E+02
  0.16157736E+01 -0.11356740E+02
  0.16327818E+01 -0.11430560E+02
  0.16497899E+01 -0.11503307E+02
  0.16667981E+01 -0.11574870E+02
  0.16838062E+01 -0.11645129E+02
  0.17008143E+01 -0.11713954E+02
  0.17178225E+01 -0.11649899E+02
  0.17348306E+01 -0.11596189E+02
  0.17518387E+01 -0.11553379E+02
  0.17688469E+01 -0.11521572E+02
  0.17858550E+01 -0.11500425E+02
  0.18028632E+01 -0.11489204E+02
  0.18198713E+01 -0.11486889E+02
  0.18368794E+01 -0.11492301E+02
  0.18538876E+01 -0.11504228E+02
  0.18708957E+01 -0.11521503E+02
  0.18879038E+01 -0.11543068E+02
  0.19049120E+01 -0.11567987E+02
  0.19219201E+01 -0.11595462E+02
  0.19389283E+01 -0.11624819E+02
  0.19559364E+01 -0.11655498E+02
  0.19729445E+01 -0.11687041E+02
  0.19899527E+01 -0.11719072E+02
  0.20069608E+01 -0.11751291E+02
  0.20239689E+01 -0.11783455E+02
  0.20409771E+01 -0.11815372E+02
  0.20579852E+01 -0.11846893E+02
  0.20749934E+01 -0.11877897E+02
  0.20920015E+01 -0.11908295E+02
  0.21090096E+01 -0.11938015E+02
  0.21260178E+01 -0.11967002E+02
  0.21430259E+01 -0.11995212E+02
  0.21600340E+01 -0.12022613E+02
  0.21770422E+01 -0.12049176E+02
  0.21940503E+01 -0.12074876E+02
  0.22110585E+01 -0.12099693E+02
  0.22280666E+01 -0.12123605E+02
  0.22450747E+01 -0.12146591E+02
  0.22620829E+01 -0.12168628E+02
  0.22790910E+01 -0.12189692E+02
  0.22960991E+01 -0.12209756E+02
  0.23131073E+01 -0.12228790E+02
  0.23301154E+01 -0.12246765E+02
  0.23471236E+01 -0.12263647E+02
  0.23641317E+01 -0.12279400E+02
  0.23811398E+01 -0.12293988E+02
  0.23981480E+01 -0.12307375E+02
  0.24151561E+01 -0.12319524E+02
  0.24321642E+01 -0.12330398E+02
  0.24491724E+01 -0.12339962E+02
  0.24661805E+01 -0.12348181E+02
  0.24831887E+01 -0.12355026E+02
  0.25001968E+01 -0.12360465E+02
  0.25172049E+01 -0.12364473E+02
  0.25342131E+01 -0.12367029E+02
  0.25512212E+01 -0.12368112E+02
  0.25681518E+01 -0.12351889E+02
  0.25850824E+01 -0.12306164E+02
  0.26020130E+01 -0.12236874E+02
  0.26189437E+01 -0.12150317E+02
  0.26358743E+01 -0.12051492E+02
  0.26528049E+01 -0.11943878E+02
  0.26697355E+01 -0.11829764E+02
  0.26866661E+01 -0.11710625E+02
  0.27035967E+01 -0.11587399E+02
  0.27205273E+01 -0.11460685E+02
  0.27374580E+01 -0.11330872E+02
  0.27543886E+01 -0.11198218E+02
  0.27713192E+01 -0.11062919E+02
  0.27882498E+01 -0.10925149E+02
  0.28051804E+01 -0.10785089E+02
  0.28221110E+01 -0.10642948E+02
  0.28390416E+01 -0.10498977E+02
  0.28559722E+01 -0.10353470E+02
  0.28729029E+01 -0.10206762E+02
  0.28898335E+01 -0.10059220E+02
  0.29067641E+01 -0.99112277E+01
  0.29236947E+01 -0.97631715E+01
  0.29406253E+01 -0.96154204E+01
  0.29575559E+01 -0.94683090E+01
  0.29744865E+01 -0.93221197E+01
  0.29914171E+01 -0.91770671E+01
  0.30083478E+01 -0.90332834E+01
  0.30252784E+01 -0.88908054E+01
  0.30422090E+01 -0.87495632E+01
  0.30591396E+01 -0.86093688E+01
  0.30760702E+01 -0.84699081E+01
  0.30930008E+01 -0.83307348E+01
  0.31099314E+01 -0.81912706E+01
  0.31268620E+01 -0.80508150E+01
  0.31437927E+01 -0.79085691E+01
  0.31607233E+01 -0.77636780E+01
  0.31776539E+01 -0.76152964E+01
  0.31945845E+01 -0.74626742E+01
  0.32115151E+01 -0.73052604E+01
  0.32284457E+01 -0.71428091E+01
  0.32453763E+01 -0.69754723E+01
  0.32623070E+01 -0.68038557E+01
  0.32792376E+01 -0.66290195E+01
  0.32961682E+01 -0.64524117E+01
  0.33130988E+01 -0.62757392E+01
  0.33300294E+01 -0.61008003E+01
  0.33469600E+01 -0.59293200E+01
  0.33638906E+01 -0.57628737E+01
  0.33808212E+01 -0.56033492E+01
  0.33977519E+01 -0.54803222E+01
  0.34146825E+01 -0.55305082E+01
  0.34316131E+01 -0.55941249E+01
  0.34485437E+01 -0.56575985E+01
  0.34654743E+01 -0.57202819E+01
  0.34824049E+01 -0.57819694E+01
  0.34993355E+01 -0.58425070E+01
  0.35162661E+01 -0.59017301E+01
  0.35331968E+01 -0.59594501E+01
  0.35501274E+01 -0.60154553E+01
  0.35670580E+01 -0.60695222E+01
  0.35839886E+01 -0.61214321E+01
  0.36009192E+01 -0.61709923E+01
  0.36178498E+01 -0.62180547E+01
  0.36347804E+01 -0.62625292E+01
  0.36517110E+01 -0.63043883E+01
  0.36686417E+01 -0.63436636E+01
  0.36855723E+01 -0.63804361E+01
  0.37025029E+01 -0.64148235E+01
  0.37194335E+01 -0.64469653E+01
  0.37363641E+01 -0.64770108E+01
  0.37532947E+01 -0.65051073E+01
  0.37702253E+01 -0.65313916E+01
  0.37871560E+01 -0.65559841E+01
  0.38040866E+01 -0.65789840E+01
  0.38210172E+01 -0.66004676E+01
  0.38379478E+01 -0.66204878E+01
  0.38548784E+01 -0.66390747E+01
  0.38718090E+01 -0.66562371E+01
  0.38887396E+01 -0.66719648E+01
  0.39056702E+01 -0.66862308E+01
  0.39226009E+01 -0.66989939E+01
  0.39395315E+01 -0.67102010E+01
  0.39564621E+01 -0.67197894E+01
  0.39733927E+01 -0.67276899E+01
  0.39903233E+01 -0.67338288E+01
  0.40072539E+01 -0.67381318E+01
  0.40241845E+01 -0.67405267E+01
  
  0.00000000E+00 -0.21433682E+01
  0.17008143E-01 -0.21513995E+01
  0.34016287E-01 -0.21648729E+01
  0.51024430E-01 -0.21837820E+01
  0.68032573E-01 -0.22080979E+01
  0.85040717E-01 -0.22377836E+01
  0.10204886E+00 -0.22728016E+01
  0.11905700E+00 -0.23131156E+01
  0.13606515E+00 -0.23586869E+01
  0.15307329E+00 -0.24094691E+01
  0.17008143E+00 -0.24654038E+01
  0.18708958E+00 -0.25264165E+01
  0.20409772E+00 -0.25924153E+01
  0.22110586E+00 -0.26632899E+01
  0.23811401E+00 -0.27389113E+01
  0.25512215E+00 -0.28191325E+01
  0.27213029E+00 -0.29037888E+01
  0.28913844E+00 -0.29927002E+01
  0.30614658E+00 -0.30856734E+01
  0.32315472E+00 -0.31825044E+01
  0.34016287E+00 -0.32829802E+01
  0.35717101E+00 -0.33868773E+01
  0.37417915E+00 -0.34939592E+01
  0.39118730E+00 -0.36039709E+01
  0.40819544E+00 -0.37166353E+01
  0.42520358E+00 -0.38316508E+01
  0.44221173E+00 -0.39486945E+01
  0.45921987E+00 -0.40674298E+01
  0.47622801E+00 -0.41875182E+01
  0.49323616E+00 -0.43086325E+01
  0.51024430E+00 -0.44304702E+01
  0.52725244E+00 -0.45527643E+01
  0.54426059E+00 -0.46752906E+01
  0.56126873E+00 -0.47978704E+01
  0.57827687E+00 -0.49203697E+01
  0.59528502E+00 -0.50426962E+01
  0.61229316E+00 -0.51647909E+01
  0.62930130E+00 -0.52865976E+01
  0.64630945E+00 -0.54041458E+01
  0.66331759E+00 -0.53422300E+01
  0.68032573E+00 -0.52708299E+01
  0.69733388E+00 -0.51972837E+01
  0.71434202E+00 -0.51217576E+01
  0.73135017E+00 -0.50448381E+01
  0.74835831E+00 -0.49794882E+01
  0.76536645E+00 -0.50523020E+01
  0.78237460E+00 -0.51468757E+01
  0.79938274E+00 -0.52423772E+01
  0.81639088E+00 -0.53384854E+01
  0.83339903E+00 -0.54353828E+01
  0.85040717E+00 -0.55332864E+01
  0.86741531E+00 -0.56323695E+01
  0.88442346E+00 -0.57327400E+01
  0.90143160E+00 -0.58344346E+01
  0.91843974E+00 -0.59374216E+01
  0.93544789E+00 -0.60416071E+01
  0.95245603E+00 -0.61468438E+01
  0.96946417E+00 -0.62529403E+01
  0.98647232E+00 -0.63596708E+01
  0.10034805E+01 -0.64667854E+01
  0.10204886E+01 -0.65740211E+01
  0.10374967E+01 -0.66811132E+01
  0.10545049E+01 -0.67878068E+01
  0.10715130E+01 -0.68938690E+01
  0.10885212E+01 -0.69990979E+01
  0.11055293E+01 -0.71033305E+01
  0.11225375E+01 -0.72064471E+01
  0.11395456E+01 -0.73083714E+01
  0.11565537E+01 -0.74090681E+01
  0.11735619E+01 -0.75085367E+01
  0.11905700E+01 -0.76068041E+01
  0.12075782E+01 -0.77039148E+01
  0.12245863E+01 -0.77999220E+01
  0.12415945E+01 -0.78948784E+01
  0.12586026E+01 -0.79888278E+01
  0.12756108E+01 -0.80817987E+01
  0.12926189E+01 -0.81737992E+01
  0.13096270E+01 -0.82648135E+01
  0.13266352E+01 -0.83547999E+01
  0.13436433E+01 -0.84436911E+01
  0.13606515E+01 -0.85313945E+01
  0.13776596E+01 -0.86177944E+01
  0.13946678E+01 -0.87027545E+01
  0.14116759E+01 -0.87861200E+01
  0.14286840E+01 -0.88677206E+01
  0.14456922E+01 -0.89473718E+01
  0.14627003E+01 -0.90248758E+01
  0.14797085E+01 -0.91000201E+01
  0.14967166E+01 -0.91725748E+01
  0.15137248E+01 -0.92422865E+01
  0.15307329E+01 -0.93088703E+01
  0.15477410E+01 -0.93719984E+01
  0.15647492E+01 -0.94312868E+01
  0.15817573E+01 -0.94862805E+01
  0.15987655E+01 -0.95364377E+01
  0.16157736E+01 -0.95811169E+01
  0.16327818E+01 -0.96195676E+01
  0.16497899E+01 -0.96509307E+01
  0.16667981E+01 -0.96742536E+01
  0.16838062E+01 -0.96885266E+01
  0.17008143E+01 -0.96927472E+01
  0.17178225E+01 -0.96874859E+01
  0.17348306E+01 -0.96705282E+01
  0.17518387E+01 -0.96413876E+01
  0.17688469E+01 -0.95999815E+01
  0.17858550E+01 -0.95466568E+01
  0.18028632E+01 -0.94821426E+01
  0.18198713E+01 -0.94074457E+01
  0.18368794E+01 -0.93237253E+01
  0.18538876E+01 -0.92321793E+01
  0.18708957E+01 -0.91339611E+01
  0.18879038E+01 -0.90301301E+01
  0.19049120E+01 -0.89216309E+01
  0.19219201E+01 -0.88092911E+01
  0.19389283E+01 -0.86938307E+01
  0.19559364E+01 -0.85758758E+01
  0.19729445E+01 -0.84559731E+01
  0.19899527E+01 -0.83346048E+01
  0.20069608E+01 -0.82122003E+01
  0.20239689E+01 -0.80891470E+01
  0.20409771E+01 -0.79657985E+01
  0.20579852E+01 -0.78424818E+01
  0.20749934E+01 -0.77195030E+01
  0.20920015E+01 -0.75971521E+01
  0.21090096E+01 -0.74757069E+01
  0.21260178E+01 -0.73554374E+01
  0.21430259E+01 -0.72366082E+01
  0.21600340E+01 -0.71194824E+01
  0.21770422E+01 -0.70043237E+01
  0.21940503E+01 -0.68913994E+01
  0.22110585E+01 -0.67809818E+01
  0.22280666E+01 -0.66733502E+01
  0.22450747E+01 -0.65687915E+01
  0.22620829E+01 -0.64676002E+01
  0.22790910E+01 -0.63700777E+01
  0.22960991E+01 -0.62765307E+01
  0.23131073E+01 -0.61872692E+01
  0.23301154E+01 -0.61026028E+01
  0.23471236E+01 -0.60228378E+01
  0.23641317E+01 -0.59482726E+01
  0.23811398E+01 -0.58791940E+01
  0.23981480E+01 -0.58158729E+01
  0.24151561E+01 -0.57585602E+01
  0.24321642E+01 -0.57074833E+01
  0.24491724E+01 -0.56628435E+01
  0.24661805E+01 -0.56248130E+01
  0.24831887E+01 -0.55935342E+01
  0.25001968E+01 -0.55691180E+01
  0.25172049E+01 -0.55516447E+01
  0.25342131E+01 -0.55411636E+01
  0.25512212E+01 -0.55376948E+01
  0.25681518E+01 -0.55372280E+01
  0.25850824E+01 -0.55354019E+01
  0.26020130E+01 -0.55322137E+01
  0.26189437E+01 -0.55276377E+01
  0.26358743E+01 -0.55216243E+01
  0.26528049E+01 -0.55141005E+01
  0.26697355E+01 -0.55049718E+01
  0.26866661E+01 -0.54941273E+01
  0.27035967E+01 -0.54814466E+01
  0.27205273E+01 -0.54668088E+01
  0.27374580E+01 -0.54501037E+01
  0.27543886E+01 -0.54312437E+01
  0.27713192E+01 -0.54101760E+01
  0.27882498E+01 -0.53868931E+01
  0.28051804E+01 -0.53614415E+01
  0.28221110E+01 -0.53339261E+01
  0.28390416E+01 -0.53045104E+01
  0.28559722E+01 -0.52734120E+01
  0.28729029E+01 -0.52408930E+01
  0.28898335E+01 -0.52072482E+01
  0.29067641E+01 -0.51727893E+01
  0.29236947E+01 -0.51378299E+01
  0.29406253E+01 -0.51026702E+01
  0.29575559E+01 -0.50675834E+01
  0.29744865E+01 -0.50328030E+01
  0.29914171E+01 -0.49985124E+01
  0.30083478E+01 -0.49648319E+01
  0.30252784E+01 -0.49318060E+01
  0.30422090E+01 -0.48993865E+01
  0.30591396E+01 -0.48674134E+01
  0.30760702E+01 -0.48355965E+01
  0.30930008E+01 -0.48034988E+01
  0.31099314E+01 -0.47705304E+01
  0.31268620E+01 -0.47359576E+01
  0.31437927E+01 -0.46989386E+01
  0.31607233E+01 -0.46586176E+01
  0.31776539E+01 -0.46145516E+01
  0.31945845E+01 -0.45824082E+01
  0.32115151E+01 -0.46543400E+01
  0.32284457E+01 -0.47353269E+01
  0.32453763E+01 -0.48149311E+01
  0.32623070E+01 -0.48927683E+01
  0.32792376E+01 -0.49688384E+01
  0.32961682E+01 -0.50432222E+01
  0.33130988E+01 -0.51160248E+01
  0.33300294E+01 -0.51873488E+01
  0.33469600E+01 -0.52572643E+01
  0.33638906E+01 -0.53257233E+01
  0.33808212E+01 -0.53919966E+01
  0.33977519E+01 -0.54272662E+01
  0.34146825E+01 -0.52952008E+01
  0.34316131E+01 -0.51556560E+01
  0.34485437E+01 -0.50220377E+01
  0.34654743E+01 -0.48946379E+01
  0.34824049E+01 -0.47731396E+01
  0.34993355E+01 -0.46569884E+01
  0.35162661E+01 -0.45454021E+01
  0.35331968E+01 -0.44373220E+01
  0.35501274E+01 -0.43313813E+01
  0.35670580E+01 -0.42259494E+01
  0.35839886E+01 -0.41192912E+01
  0.36009192E+01 -0.40098314E+01
  0.36178498E+01 -0.38964551E+01
  0.36347804E+01 -0.37787516E+01
  0.36517110E+01 -0.36571277E+01
  0.36686417E+01 -0.35327699E+01
  0.36855723E+01 -0.34074804E+01
  0.37025029E+01 -0.32834335E+01
  0.37194335E+01 -0.31629016E+01
  0.37363641E+01 -0.30479881E+01
  0.37532947E+01 -0.29403946E+01
  0.37702253E+01 -0.28412442E+01
  0.37871560E+01 -0.27509928E+01
  0.38040866E+01 -0.26694609E+01
  0.38210172E+01 -0.25959896E+01
  0.38379478E+01 -0.25296754E+01
  0.38548784E+01 -0.24695997E+01
  0.38718090E+01 -0.24149917E+01
  0.38887396E+01 -0.23653085E+01
  0.39056702E+01 -0.23202499E+01
  0.39226009E+01 -0.22797346E+01
  0.39395315E+01 -0.22438568E+01
  0.39564621E+01 -0.22128365E+01
  0.39733927E+01 -0.21869699E+01
  0.39903233E+01 -0.21665799E+01
  0.40072539E+01 -0.21519685E+01
  0.40241845E+01 -0.21433682E+01
  
  0.00000000E+00 -0.21433650E+01
  0.17008143E-01 -0.21363661E+01
  0.34016287E-01 -0.21335506E+01
  0.51024430E-01 -0.21349721E+01
  0.68032573E-01 -0.21406783E+01
  0.85040717E-01 -0.21506969E+01
  0.10204886E+00 -0.21650310E+01
  0.11905700E+00 -0.21836649E+01
  0.13606515E+00 -0.22065749E+01
  0.15307329E+00 -0.22337405E+01
  0.17008143E+00 -0.22651505E+01
  0.18708958E+00 -0.23008010E+01
  0.20409772E+00 -0.23406855E+01
  0.22110586E+00 -0.23847782E+01
  0.23811401E+00 -0.24330141E+01
  0.25512215E+00 -0.24852696E+01
  0.27213029E+00 -0.25413502E+01
  0.28913844E+00 -0.26009849E+01
  0.30614658E+00 -0.26638344E+01
  0.32315472E+00 -0.27295103E+01
  0.34016287E+00 -0.27976061E+01
  0.35717101E+00 -0.28677371E+01
  0.37417915E+00 -0.29395826E+01
  0.39118730E+00 -0.30129247E+01
  0.40819544E+00 -0.30876760E+01
  0.42520358E+00 -0.31638889E+01
  0.44221173E+00 -0.32417442E+01
  0.45921987E+00 -0.33215185E+01
  0.47622801E+00 -0.34035346E+01
  0.49323616E+00 -0.34881028E+01
  0.51024430E+00 -0.35754617E+01
  0.52725244E+00 -0.36657278E+01
  0.54426059E+00 -0.37588626E+01
  0.56126873E+00 -0.38546603E+01
  0.57827687E+00 -0.39527589E+01
  0.59528502E+00 -0.40526712E+01
  0.61229316E+00 -0.41538308E+01
  0.62930130E+00 -0.42556455E+01
  0.64630945E+00 -0.43575499E+01
  0.66331759E+00 -0.44590510E+01
  0.68032573E+00 -0.45597593E+01
  0.69733388E+00 -0.46593970E+01
  0.71434202E+00 -0.47577525E+01
  0.73135017E+00 -0.48543218E+01
  0.74835831E+00 -0.49363658E+01
  0.76536645E+00 -0.48776331E+01
  0.78237460E+00 -0.47949561E+01
  0.79938274E+00 -0.47096438E+01
  0.81639088E+00 -0.46225043E+01
  0.83339903E+00 -0.45338166E+01
  0.85040717E+00 -0.44437703E+01
  0.86741531E+00 -0.43525203E+01
  0.88442346E+00 -0.42601948E+01
  0.90143160E+00 -0.41668933E+01
  0.91843974E+00 -0.40726841E+01
  0.93544789E+00 -0.39776020E+01
  0.95245603E+00 -0.38816484E+01
  0.96946417E+00 -0.37847946E+01
  0.98647232E+00 -0.36869856E+01
  0.10034805E+01 -0.35881472E+01
  0.10204886E+01 -0.34881941E+01
  0.10374967E+01 -0.33870379E+01
  0.10545049E+01 -0.32845958E+01
  0.10715130E+01 -0.31807987E+01
  0.10885212E+01 -0.30755982E+01
  0.11055293E+01 -0.29689716E+01
  0.11225375E+01 -0.28609260E+01
  0.11395456E+01 -0.27515009E+01
  0.11565537E+01 -0.26407679E+01
  0.11735619E+01 -0.25288298E+01
  0.11905700E+01 -0.24158181E+01
  0.12075782E+01 -0.23018878E+01
  0.12245863E+01 -0.21872127E+01
  0.12415945E+01 -0.20719782E+01
  0.12586026E+01 -0.19563739E+01
  0.12756108E+01 -0.18405862E+01
  0.12926189E+01 -0.17247903E+01
  0.13096270E+01 -0.16091433E+01
  0.13266352E+01 -0.14937781E+01
  0.13436433E+01 -0.13787987E+01
  0.13606515E+01 -0.12642782E+01
  0.13776596E+01 -0.11502578E+01
  0.13946678E+01 -0.10367491E+01
  0.14116759E+01 -0.92373823E+00
  0.14286840E+01 -0.81119191E+00
  0.14456922E+01 -0.69906537E+00
  0.14627003E+01 -0.58731121E+00
  0.14797085E+01 -0.47588885E+00
  0.14967166E+01 -0.36477381E+00
  0.15137248E+01 -0.25396624E+00
  0.15307329E+01 -0.14349821E+00
  0.15477410E+01 -0.33439063E-01
  0.15647492E+01  0.76101274E-01
  0.15817573E+01  0.18497142E+00
  0.15987655E+01  0.29298012E+00
  0.16157736E+01  0.39990031E+00
  0.16327818E+01  0.50547529E+00
  0.16497899E+01  0.60942698E+00
  0.16667981E+01  0.71146549E+00
  0.16838062E+01  0.81129973E+00
  0.17008143E+01  0.90864833E+00
  0.17178225E+01  0.81180275E+00
  0.17348306E+01  0.71705124E+00
  0.17518387E+01  0.62461594E+00
  0.17688469E+01  0.53463180E+00
  0.17858550E+01  0.44718664E+00
  0.18028632E+01  0.36232016E+00
  0.18198713E+01  0.28002600E+00
  0.18368794E+01  0.20025659E+00
  0.18538876E+01  0.12292999E+00
  0.18708957E+01  0.47938449E-01
  0.18879038E+01 -0.24842458E-01
  0.19049120E+01 -0.95544475E-01
  0.19219201E+01 -0.16429787E+00
  0.19389283E+01 -0.23122366E+00
  0.19559364E+01 -0.29642712E+00
  0.19729445E+01 -0.35999297E+00
  0.19899527E+01 -0.42198214E+00
  0.20069608E+01 -0.48243025E+00
  0.20239689E+01 -0.54134766E+00
  0.20409771E+01 -0.59872106E+00
  0.20579852E+01 -0.65451632E+00
  0.20749934E+01 -0.70868252E+00
  0.20920015E+01 -0.76115685E+00
  0.21090096E+01 -0.81187003E+00
  0.21260178E+01 -0.86075200E+00
  0.21430259E+01 -0.90773749E+00
  0.21600340E+01 -0.95277090E+00
  0.21770422E+01 -0.99581034E+00
  0.21940503E+01 -0.10368304E+01
  0.22110585E+01 -0.10758232E+01
  0.22280666E+01 -0.11127986E+01
  0.22450747E+01 -0.11477817E+01
  0.22620829E+01 -0.11808099E+01
  0.22790910E+01 -0.12119289E+01
  0.22960991E+01 -0.12411870E+01
  0.23131073E+01 -0.12686307E+01
  0.23301154E+01 -0.12942993E+01
  0.23471236E+01 -0.13182210E+01
  0.23641317E+01 -0.13404092E+01
  0.23811398E+01 -0.13608616E+01
  0.23981480E+01 -0.13795589E+01
  0.24151561E+01 -0.13964669E+01
  0.24321642E+01 -0.14115381E+01
  0.24491724E+01 -0.14247162E+01
  0.24661805E+01 -0.14359399E+01
  0.24831887E+01 -0.14451480E+01
  0.25001968E+01 -0.14522842E+01
  0.25172049E+01 -0.14573014E+01
  0.25342131E+01 -0.14601653E+01
  0.25512212E+01 -0.14608579E+01
  0.25681518E+01 -0.14657387E+01
  0.25850824E+01 -0.14807667E+01
  0.26020130E+01 -0.15056974E+01
  0.26189437E+01 -0.15401368E+01
  0.26358743E+01 -0.15835620E+01
  0.26528049E+01 -0.16353461E+01
  0.26697355E+01 -0.16947851E+01
  0.26866661E+01 -0.17611237E+01
  0.27035967E+01 -0.18335812E+01
  0.27205273E+01 -0.19113754E+01
  0.27374580E+01 -0.19937431E+01
  0.27543886E+01 -0.20799599E+01
  0.27713192E+01 -0.21693545E+01
  0.27882498E+01 -0.22613210E+01
  0.28051804E+01 -0.23553263E+01
  0.28221110E+01 -0.24509139E+01
  0.28390416E+01 -0.25477033E+01
  0.28559722E+01 -0.26453864E+01
  0.28729029E+01 -0.27437199E+01
  0.28898335E+01 -0.28425164E+01
  0.29067641E+01 -0.29416334E+01
  0.29236947E+01 -0.30409607E+01
  0.29406253E+01 -0.31404094E+01
  0.29575559E+01 -0.32399001E+01
  0.29744865E+01 -0.33393531E+01
  0.29914171E+01 -0.34386802E+01
  0.30083478E+01 -0.35377789E+01
  0.30252784E+01 -0.36365276E+01
  0.30422090E+01 -0.37347848E+01
  0.30591396E+01 -0.38323886E+01
  0.30760702E+01 -0.39291594E+01
  0.30930008E+01 -0.40249033E+01
  0.31099314E+01 -0.41194169E+01
  0.31268620E+01 -0.42124912E+01
  0.31437927E+01 -0.43039075E+01
  0.31607233E+01 -0.43933952E+01
  0.31776539E+01 -0.44802734E+01
  0.31945845E+01 -0.45478345E+01
  0.32115151E+01 -0.45030547E+01
  0.32284457E+01 -0.44403354E+01
  0.32453763E+01 -0.43698259E+01
  0.32623070E+01 -0.42920216E+01
  0.32792376E+01 -0.42074940E+01
  0.32961682E+01 -0.41172403E+01
  0.33130988E+01 -0.40227624E+01
  0.33300294E+01 -0.39260710E+01
  0.33469600E+01 -0.38296205E+01
  0.33638906E+01 -0.37361615E+01
  0.33808212E+01 -0.36485119E+01
  0.33977519E+01 -0.35692628E+01
  0.34146825E+01 -0.35004583E+01
  0.34316131E+01 -0.34432988E+01
  0.34485437E+01 -0.33979203E+01
  0.34654743E+01 -0.33632984E+01
  0.34824049E+01 -0.33373097E+01
  0.34993355E+01 -0.33169665E+01
  0.35162661E+01 -0.32988037E+01
  0.35331968E+01 -0.32793636E+01
  0.35501274E+01 -0.32556823E+01
  0.35670580E+01 -0.32256658E+01
  0.35839886E+01 -0.31882630E+01
  0.36009192E+01 -0.31434117E+01
  0.36178498E+01 -0.30918110E+01
  0.36347804E+01 -0.30346205E+01
  0.36517110E+01 -0.29731820E+01
  0.36686417E+01 -0.29088145E+01
  0.36855723E+01 -0.28426916E+01
  0.37025029E+01 -0.27757890E+01
  0.37194335E+01 -0.27088868E+01
  0.37363641E+01 -0.26426127E+01
  0.37532947E+01 -0.25775220E+01
  0.37702253E+01 -0.25141961E+01
  0.37871560E+01 -0.24533282E+01
  0.38040866E+01 -0.23957495E+01
  0.38210172E+01 -0.23423696E+01
  0.38379478E+01 -0.22940563E+01
  0.38548784E+01 -0.22515157E+01
  0.38718090E+01 -0.22152168E+01
  0.38887396E+01 -0.21853715E+01
  0.39056702E+01 -0.21619514E+01
  0.39226009E+01 -0.21447214E+01
  0.39395315E+01 -0.21332809E+01
  0.39564621E+01 -0.21271079E+01
  0.39733927E+01 -0.21256092E+01
  0.39903233E+01 -0.21281758E+01
  0.40072539E+01 -0.21342449E+01
  0.40241845E+01 -0.21433650E+01
  
  0.00000000E+00  0.37459021E+01
  0.17008143E-01  0.37479332E+01
  0.34016287E-01  0.37521309E+01
  0.51024430E-01  0.37584333E+01
  0.68032573E-01  0.37667760E+01
  0.85040717E-01  0.37770961E+01
  0.10204886E+00  0.37893370E+01
  0.11905700E+00  0.38034520E+01
  0.13606515E+00  0.38194083E+01
  0.15307329E+00  0.38371905E+01
  0.17008143E+00  0.38568028E+01
  0.18708958E+00  0.38782708E+01
  0.20409772E+00  0.39016416E+01
  0.22110586E+00  0.39269831E+01
  0.23811401E+00  0.39543811E+01
  0.25512215E+00  0.39839355E+01
  0.27213029E+00  0.40157551E+01
  0.28913844E+00  0.40499503E+01
  0.30614658E+00  0.40866267E+01
  0.32315472E+00  0.41258767E+01
  0.34016287E+00  0.41677729E+01
  0.35717101E+00  0.42123609E+01
  0.37417915E+00  0.42596548E+01
  0.39118730E+00  0.43096337E+01
  0.40819544E+00  0.43622410E+01
  0.42520358E+00  0.44173857E+01
  0.44221173E+00  0.44749458E+01
  0.45921987E+00  0.45347742E+01
  0.47622801E+00  0.45967060E+01
  0.49323616E+00  0.46605671E+01
  0.51024430E+00  0.47261832E+01
  0.52725244E+00  0.47933893E+01
  0.54426059E+00  0.48620395E+01
  0.56126873E+00  0.49320147E+01
  0.57827687E+00  0.50032318E+01
  0.59528502E+00  0.50756496E+01
  0.61229316E+00  0.51492754E+01
  0.62930130E+00  0.52241692E+01
  0.64630945E+00  0.53004464E+01
  0.66331759E+00  0.53782793E+01
  0.68032573E+00  0.54578961E+01
  0.69733388E+00  0.55395777E+01
  0.71434202E+00  0.56236526E+01
  0.73135017E+00  0.57104892E+01
  0.74835831E+00  0.58004857E+01
  0.76536645E+00  0.58940583E+01
  0.78237460E+00  0.59916269E+01
  0.79938274E+00  0.60936008E+01
  0.81639088E+00  0.62003617E+01
  0.83339903E+00  0.63122487E+01
  0.85040717E+00  0.64295425E+01
  0.86741531E+00  0.65524521E+01
  0.88442346E+00  0.66811026E+01
  0.90143160E+00  0.68155125E+01
  0.91843974E+00  0.67339260E+01
  0.93544789E+00  0.65783912E+01
  0.95245603E+00  0.64240887E+01
  0.96946417E+00  0.62709747E+01
  0.98647232E+00  0.61189905E+01
  0.10034805E+01  0.59680900E+01
  0.10204886E+01  0.58182559E+01
  0.10374967E+01  0.56695059E+01
  0.10545049E+01  0.55218914E+01
  0.10715130E+01  0.53754907E+01
  0.10885212E+01  0.52303984E+01
  0.11055293E+01  0.50867141E+01
  0.11225375E+01  0.49445312E+01
  0.11395456E+01  0.48039271E+01
  0.11565537E+01  0.46649560E+01
  0.11735619E+01  0.45276432E+01
  0.11905700E+01  0.43919827E+01
  0.12075782E+01  0.42579369E+01
  0.12245863E+01  0.41254382E+01
  0.12415945E+01  0.39943927E+01
  0.12586026E+01  0.38646859E+01
  0.12756108E+01  0.37361896E+01
  0.12926189E+01  0.36087700E+01
  0.13096270E+01  0.34822972E+01
  0.13266352E+01  0.33566541E+01
  0.13436433E+01  0.32317459E+01
  0.13606515E+01  0.31075085E+01
  0.13776596E+01  0.29839144E+01
  0.13946678E+01  0.28609782E+01
  0.14116759E+01  0.27387573E+01
  0.14286840E+01  0.26173511E+01
  0.14456922E+01  0.24968968E+01
  0.14627003E+01  0.23775625E+01
  0.14797085E+01  0.22595378E+01
  0.14967166E+01  0.21430237E+01
  0.15137248E+01  0.20282206E+01
  0.15307329E+01  0.19153177E+01
  0.15477410E+01  0.18044823E+01
  0.15647492E+01  0.16958507E+01
  0.15817573E+01  0.15895211E+01
  0.15987655E+01  0.14855488E+01
  0.16157736E+01  0.13839439E+01
  0.16327818E+01  0.12846712E+01
  0.16497899E+01  0.11876530E+01
  0.16667981E+01  0.10927744E+01
  0.16838062E+01  0.99989034E+00
  0.17008143E+01  0.90883524E+00
  0.17178225E+01  0.10004812E+01
  0.17348306E+01  0.10891693E+01
  0.17518387E+01  0.11746741E+01
  0.17688469E+01  0.12568540E+01
  0.17858550E+01  0.13356132E+01
  0.18028632E+01  0.14109068E+01
  0.18198713E+01  0.14827429E+01
  0.18368794E+01  0.15511827E+01
  0.18538876E+01  0.16163372E+01
  0.18708957E+01  0.16783627E+01
  0.18879038E+01  0.17374523E+01
  0.19049120E+01  0.17938276E+01
  0.19219201E+01  0.18477276E+01
  0.19389283E+01  0.18993972E+01
  0.19559364E+01  0.19490758E+01
  0.19729445E+01  0.19969849E+01
  0.19899527E+01  0.20433180E+01
  0.20069608E+01  0.20882304E+01
  0.20239689E+01  0.21318320E+01
  0.20409771E+01  0.21741811E+01
  0.20579852E+01  0.22152822E+01
  0.20749934E+01  0.22550860E+01
  0.20920015E+01  0.22934924E+01
  0.21090096E+01  0.23303574E+01
  0.21260178E+01  0.23655020E+01
  0.21430259E+01  0.23987238E+01
  0.21600340E+01  0.24298105E+01
  0.21770422E+01  0.24585536E+01
  0.21940503E+01  0.24847633E+01
  0.22110585E+01  0.25082815E+01
  0.22280666E+01  0.25289938E+01
  0.22450747E+01  0.25468392E+01
  0.22620829E+01  0.25618165E+01
  0.22790910E+01  0.25739882E+01
  0.22960991E+01  0.25834806E+01
  0.23131073E+01  0.25904804E+01
  0.23301154E+01  0.25952292E+01
  0.23471236E+01  0.25980142E+01
  0.23641317E+01  0.25991577E+01
  0.23811398E+01  0.25990046E+01
  0.23981480E+01  0.25979086E+01
  0.24151561E+01  0.25962193E+01
  0.24321642E+01  0.25942681E+01
  0.24491724E+01  0.25923561E+01
  0.24661805E+01  0.25907431E+01
  0.24831887E+01  0.25896379E+01
  0.25001968E+01  0.25891920E+01
  0.25172049E+01  0.25894947E+01
  0.25342131E+01  0.25905711E+01
  0.25512212E+01  0.25923834E+01
  0.25681518E+01  0.25953685E+01
  0.25850824E+01  0.26094875E+01
  0.26020130E+01  0.26347002E+01
  0.26189437E+01  0.26709631E+01
  0.26358743E+01  0.27182368E+01
  0.26528049E+01  0.27764853E+01
  0.26697355E+01  0.28456675E+01
  0.26866661E+01  0.29257204E+01
  0.27035967E+01  0.30165355E+01
  0.27205273E+01  0.31179307E+01
  0.27374580E+01  0.32296195E+01
  0.27543886E+01  0.33511810E+01
  0.27713192E+01  0.34820317E+01
  0.27882498E+01  0.36214024E+01
  0.28051804E+01  0.37683240E+01
  0.28221110E+01  0.39216229E+01
  0.28390416E+01  0.40799316E+01
  0.28559722E+01  0.42417144E+01
  0.28729029E+01  0.44053125E+01
  0.28898335E+01  0.45690063E+01
  0.29067641E+01  0.47310934E+01
  0.29236947E+01  0.48899776E+01
  0.29406253E+01  0.50442619E+01
  0.29575559E+01  0.51928367E+01
  0.29744865E+01  0.53349552E+01
  0.29914171E+01  0.54702915E+01
  0.30083478E+01  0.55989776E+01
  0.30252784E+01  0.57216194E+01
  0.30422090E+01  0.58392945E+01
  0.30591396E+01  0.59535337E+01
  0.30760702E+01  0.60662856E+01
  0.30930008E+01  0.61798647E+01
  0.31099314E+01  0.62968791E+01
  0.31268620E+01  0.64201242E+01
  0.31437927E+01  0.65521402E+01
  0.31607233E+01  0.65389734E+01
  0.31776539E+01  0.64231789E+01
  0.31945845E+01  0.63111129E+01
  0.32115151E+01  0.62028523E+01
  0.32284457E+01  0.60982555E+01
  0.32453763E+01  0.59971424E+01
  0.32623070E+01  0.58993158E+01
  0.32792376E+01  0.58045704E+01
  0.32961682E+01  0.57126984E+01
  0.33130988E+01  0.56234943E+01
  0.33300294E+01  0.55367590E+01
  0.33469600E+01  0.54523030E+01
  0.33638906E+01  0.53699508E+01
  0.33808212E+01  0.52895442E+01
  0.33977519E+01  0.52109464E+01
  0.34146825E+01  0.51340460E+01
  0.34316131E+01  0.50587616E+01
  0.34485437E+01  0.49850457E+01
  0.34654743E+01  0.49128882E+01
  0.34824049E+01  0.48423186E+01
  0.34993355E+01  0.47734054E+01
  0.35162661E+01  0.47062529E+01
  0.35331968E+01  0.46409939E+01
  0.35501274E+01  0.45777796E+01
  0.35670580E+01  0.45167682E+01
  0.35839886E+01  0.44581117E+01
  0.36009192E+01  0.44019451E+01
  0.36178498E+01  0.43483767E+01
  0.36347804E+01  0.42974820E+01
  0.36517110E+01  0.42493001E+01
  0.36686417E+01  0.42038329E+01
  0.36855723E+01  0.41610467E+01
  0.37025029E+01  0.41208765E+01
  0.37194335E+01  0.40832309E+01
  0.37363641E+01  0.40479994E+01
  0.37532947E+01  0.40150595E+01
  0.37702253E+01  0.39842852E+01
  0.37871560E+01  0.39555539E+01
  0.38040866E+01  0.39287542E+01
  0.38210172E+01  0.39037920E+01
  0.38379478E+01  0.38805948E+01
  0.38548784E+01  0.38591160E+01
  0.38718090E+01  0.38393362E+01
  0.38887396E+01  0.38212639E+01
  0.39056702E+01  0.38049339E+01
  0.39226009E+01  0.37904047E+01
  0.39395315E+01  0.37777536E+01
  0.39564621E+01  0.37670711E+01
  0.39733927E+01  0.37584540E+01
  0.39903233E+01  0.37519978E+01
  0.40072539E+01  0.37477899E+01
  0.40241845E+01  0.37459021E+01
  
  0.00000000E+00  0.73074967E+01
  0.17008143E-01  0.73188776E+01
  0.34016287E-01  0.73332588E+01
  0.51024430E-01  0.73503185E+01
  0.68032573E-01  0.73697227E+01
  0.85040717E-01  0.73911460E+01
  0.10204886E+00  0.74142912E+01
  0.11905700E+00  0.74389078E+01
  0.13606515E+00  0.74648078E+01
  0.15307329E+00  0.74918775E+01
  0.17008143E+00  0.75200850E+01
  0.18708958E+00  0.75494830E+01
  0.20409772E+00  0.75802065E+01
  0.22110586E+00  0.76124656E+01
  0.23811401E+00  0.76465327E+01
  0.25512215E+00  0.76827250E+01
  0.27213029E+00  0.77213823E+01
  0.28913844E+00  0.77628421E+01
  0.30614658E+00  0.78074119E+01
  0.32315472E+00  0.78553428E+01
  0.34016287E+00  0.79068047E+01
  0.35717101E+00  0.79618665E+01
  0.37417915E+00  0.80204814E+01
  0.39118730E+00  0.80824792E+01
  0.40819544E+00  0.81475630E+01
  0.42520358E+00  0.82153098E+01
  0.44221173E+00  0.82851728E+01
  0.45921987E+00  0.83564808E+01
  0.47622801E+00  0.84284325E+01
  0.49323616E+00  0.85000812E+01
  0.51024430E+00  0.85703075E+01
  0.52725244E+00  0.86377745E+01
  0.54426059E+00  0.87008626E+01
  0.56126873E+00  0.87575848E+01
  0.57827687E+00  0.88054923E+01
  0.59528502E+00  0.88416122E+01
  0.61229316E+00  0.88625065E+01
  0.62930130E+00  0.88645914E+01
  0.64630945E+00  0.88448066E+01
  0.66331759E+00  0.88014644E+01
  0.68032573E+00  0.87347922E+01
  0.69733388E+00  0.86467792E+01
  0.71434202E+00  0.85404727E+01
  0.73135017E+00  0.84192190E+01
  0.74835831E+00  0.82861700E+01
  0.76536645E+00  0.81440804E+01
  0.78237460E+00  0.79952774E+01
  0.79938274E+00  0.78417013E+01
  0.81639088E+00  0.76849570E+01
  0.83339903E+00  0.75263547E+01
  0.85040717E+00  0.73669391E+01
  0.86741531E+00  0.72075102E+01
  0.88442346E+00  0.70486447E+01
  0.90143160E+00  0.68907371E+01
  0.91843974E+00  0.69556943E+01
  0.93544789E+00  0.71013956E+01
  0.95245603E+00  0.72524082E+01
  0.96946417E+00  0.74083891E+01
  0.98647232E+00  0.75689193E+01
  0.10034805E+01  0.77335125E+01
  0.10204886E+01  0.79016284E+01
  0.10374967E+01  0.80726876E+01
  0.10545049E+01  0.82460869E+01
  0.10715130E+01  0.84212156E+01
  0.10885212E+01  0.85974708E+01
  0.11055293E+01  0.87742739E+01
  0.11225375E+01  0.89510842E+01
  0.11395456E+01  0.91274126E+01
  0.11565537E+01  0.93028323E+01
  0.11735619E+01  0.94769873E+01
  0.11905700E+01  0.96495972E+01
  0.12075782E+01  0.98204585E+01
  0.12245863E+01  0.99894413E+01
  0.12415945E+01  0.10156482E+02
  0.12586026E+01  0.10321570E+02
  0.12756108E+01  0.10484733E+02
  0.12926189E+01  0.10646015E+02
  0.13096270E+01  0.10805455E+02
  0.13266352E+01  0.10963060E+02
  0.13436433E+01  0.11118779E+02
  0.13606515E+01  0.11272477E+02
  0.13776596E+01  0.11423910E+02
  0.13946678E+01  0.11572702E+02
  0.14116759E+01  0.11718324E+02
  0.14286840E+01  0.11860084E+02
  0.14456922E+01  0.11997117E+02
  0.14627003E+01  0.12128398E+02
  0.14797085E+01  0.12252764E+02
  0.14967166E+01  0.12368969E+02
  0.15137248E+01  0.12475765E+02
  0.15307329E+01  0.12572025E+02
  0.15477410E+01  0.12656869E+02
  0.15647492E+01  0.12729794E+02
  0.15817573E+01  0.12790742E+02
  0.15987655E+01  0.12840095E+02
  0.16157736E+01  0.12878605E+02
  0.16327818E+01  0.12907269E+02
  0.16497899E+01  0.12927208E+02
  0.16667981E+01  0.12939574E+02
  0.16838062E+01  0.12945482E+02
  0.17008143E+01  0.12945976E+02
  0.17178225E+01  0.12941539E+02
  0.17348306E+01  0.12934404E+02
  0.17518387E+01  0.12925151E+02
  0.17688469E+01  0.12914268E+02
  0.17858550E+01  0.12902167E+02
  0.18028632E+01  0.12889171E+02
  0.18198713E+01  0.12875508E+02
  0.18368794E+01  0.12861280E+02
  0.18538876E+01  0.12846404E+02
  0.18708957E+01  0.12830482E+02
  0.18879038E+01  0.12812499E+02
  0.19049120E+01  0.12790038E+02
  0.19219201E+01  0.12757208E+02
  0.19389283E+01  0.12700967E+02
  0.19559364E+01  0.12606287E+02
  0.19729445E+01  0.12477155E+02
  0.19899527E+01  0.12328578E+02
  0.20069608E+01  0.12169954E+02
  0.20239689E+01  0.12005771E+02
  0.20409771E+01  0.11838393E+02
  0.20579852E+01  0.11669288E+02
  0.20749934E+01  0.11499494E+02
  0.20920015E+01  0.11329822E+02
  0.21090096E+01  0.11160943E+02
  0.21260178E+01  0.10993441E+02
  0.21430259E+01  0.10827838E+02
  0.21600340E+01  0.10664617E+02
  0.21770422E+01  0.10504233E+02
  0.21940503E+01  0.10347125E+02
  0.22110585E+01  0.10193721E+02
  0.22280666E+01  0.10044448E+02
  0.22450747E+01  0.98997294E+01
  0.22620829E+01  0.97599879E+01
  0.22790910E+01  0.96256466E+01
  0.22960991E+01  0.94971256E+01
  0.23131073E+01  0.93748392E+01
  0.23301154E+01  0.92591922E+01
  0.23471236E+01  0.91505756E+01
  0.23641317E+01  0.90493622E+01
  0.23811398E+01  0.89559021E+01
  0.23981480E+01  0.88705193E+01
  0.24151561E+01  0.87935074E+01
  0.24321642E+01  0.87251277E+01
  0.24491724E+01  0.86656063E+01
  0.24661805E+01  0.86151335E+01
  0.24831887E+01  0.85738627E+01
  0.25001968E+01  0.85419103E+01
  0.25172049E+01  0.85193568E+01
  0.25342131E+01  0.85062478E+01
  0.25512212E+01  0.85025954E+01
  0.25681518E+01  0.85017267E+01
  0.25850824E+01  0.85023941E+01
  0.26020130E+01  0.85046184E+01
  0.26189437E+01  0.85083346E+01
  0.26358743E+01  0.85133976E+01
  0.26528049E+01  0.85195931E+01
  0.26697355E+01  0.85266536E+01
  0.26866661E+01  0.85342769E+01
  0.27035967E+01  0.85421452E+01
  0.27205273E+01  0.85499426E+01
  0.27374580E+01  0.85573673E+01
  0.27543886E+01  0.85641371E+01
  0.27713192E+01  0.85699815E+01
  0.27882498E+01  0.85746163E+01
  0.28051804E+01  0.85776881E+01
  0.28221110E+01  0.85786701E+01
  0.28390416E+01  0.85766747E+01
  0.28559722E+01  0.85701197E+01
  0.28729029E+01  0.85561623E+01
  0.28898335E+01  0.85299152E+01
  0.29067641E+01  0.84841455E+01
  0.29236947E+01  0.84116605E+01
  0.29406253E+01  0.83109210E+01
  0.29575559E+01  0.81878655E+01
  0.29744865E+01  0.80508934E+01
  0.29914171E+01  0.79066641E+01
  0.30083478E+01  0.77594964E+01
  0.30252784E+01  0.76120649E+01
  0.30422090E+01  0.74660486E+01
  0.30591396E+01  0.73225301E+01
  0.30760702E+01  0.71822191E+01
  0.30930008E+01  0.70455806E+01
  0.31099314E+01  0.69129126E+01
  0.31268620E+01  0.67844150E+01
  0.31437927E+01  0.66605651E+01
  0.31607233E+01  0.66982708E+01
  0.31776539E+01  0.68577726E+01
  0.31945845E+01  0.70352484E+01
  0.32115151E+01  0.72327812E+01
  0.32284457E+01  0.74521622E+01
  0.32453763E+01  0.76945194E+01
  0.32623070E+01  0.79599607E+01
  0.32792376E+01  0.82467858E+01
  0.32961682E+01  0.85488427E+01
  0.33130988E+01  0.88415860E+01
  0.33300294E+01  0.90270180E+01
  0.33469600E+01  0.90719717E+01
  0.33638906E+01  0.90729973E+01
  0.33808212E+01  0.90589909E+01
  0.33977519E+01  0.90355075E+01
  0.34146825E+01  0.90034420E+01
  0.34316131E+01  0.89621792E+01
  0.34485437E+01  0.89103930E+01
  0.34654743E+01  0.88465432E+01
  0.34824049E+01  0.87695603E+01
  0.34993355E+01  0.86797589E+01
  0.35162661E+01  0.85795560E+01
  0.35331968E+01  0.84733559E+01
  0.35501274E+01  0.83664756E+01
  0.35670580E+01  0.82637844E+01
  0.35839886E+01  0.81688171E+01
  0.36009192E+01  0.80835619E+01
  0.36178498E+01  0.80086879E+01
  0.36347804E+01  0.79439219E+01
  0.36517110E+01  0.78884034E+01
  0.36686417E+01  0.78409577E+01
  0.36855723E+01  0.78002827E+01
  0.37025029E+01  0.77650670E+01
  0.37194335E+01  0.77340616E+01
  0.37363641E+01  0.77061218E+01
  0.37532947E+01  0.76802332E+01
  0.37702253E+01  0.76555292E+01
  0.37871560E+01  0.76313035E+01
  0.38040866E+01  0.76070192E+01
  0.38210172E+01  0.75823122E+01
  0.38379478E+01  0.75569896E+01
  0.38548784E+01  0.75310206E+01
  0.38718090E+01  0.75045231E+01
  0.38887396E+01  0.74777459E+01
  0.39056702E+01  0.74510477E+01
  0.39226009E+01  0.74248736E+01
  0.39395315E+01  0.73997287E+01
  0.39564621E+01  0.73761480E+01
  0.39733927E+01  0.73546649E+01
  0.39903233E+01  0.73357807E+01
  0.40072539E+01  0.73199375E+01
  0.40241845E+01  0.73074967E+01
  
  0.00000000E+00  0.94215936E+01
  0.17008143E-01  0.93978268E+01
  0.34016287E-01  0.93763115E+01
  0.51024430E-01  0.93573717E+01
  0.68032573E-01  0.93413436E+01
  0.85040717E-01  0.93285477E+01
  0.10204886E+00  0.93192658E+01
  0.11905700E+00  0.93137263E+01
  0.13606515E+00  0.93121006E+01
  0.15307329E+00  0.93145100E+01
  0.17008143E+00  0.93210406E+01
  0.18708958E+00  0.93317624E+01
  0.20409772E+00  0.93467469E+01
  0.22110586E+00  0.93660798E+01
  0.23811401E+00  0.93898641E+01
  0.25512215E+00  0.94182126E+01
  0.27213029E+00  0.94512289E+01
  0.28913844E+00  0.94889795E+01
  0.30614658E+00  0.95314578E+01
  0.32315472E+00  0.95785433E+01
  0.34016287E+00  0.96299584E+01
  0.35717101E+00  0.96852243E+01
  0.37417915E+00  0.97436201E+01
  0.39118730E+00  0.98041473E+01
  0.40819544E+00  0.98655080E+01
  0.42520358E+00  0.99261029E+01
  0.44221173E+00  0.99840607E+01
  0.45921987E+00  0.10037311E+02
  0.47622801E+00  0.10083710E+02
  0.49323616E+00  0.10121219E+02
  0.51024430E+00  0.10148136E+02
  0.52725244E+00  0.10163349E+02
  0.54426059E+00  0.10166588E+02
  0.56126873E+00  0.10158631E+02
  0.57827687E+00  0.10141434E+02
  0.59528502E+00  0.10118140E+02
  0.61229316E+00  0.10092909E+02
  0.62930130E+00  0.10070445E+02
  0.64630945E+00  0.10055189E+02
  0.66331759E+00  0.10050353E+02
  0.68032573E+00  0.10057291E+02
  0.69733388E+00  0.10075605E+02
  0.71434202E+00  0.10103823E+02
  0.73135017E+00  0.10140151E+02
  0.74835831E+00  0.10182969E+02
  0.76536645E+00  0.10231033E+02
  0.78237460E+00  0.10283508E+02
  0.79938274E+00  0.10339915E+02
  0.81639088E+00  0.10400055E+02
  0.83339903E+00  0.10463935E+02
  0.85040717E+00  0.10531699E+02
  0.86741531E+00  0.10603555E+02
  0.88442346E+00  0.10679707E+02
  0.90143160E+00  0.10760295E+02
  0.91843974E+00  0.10845341E+02
  0.93544789E+00  0.10934709E+02
  0.95245603E+00  0.11028095E+02
  0.96946417E+00  0.11125031E+02
  0.98647232E+00  0.11224916E+02
  0.10034805E+01  0.11327064E+02
  0.10204886E+01  0.11430748E+02
  0.10374967E+01  0.11535250E+02
  0.10545049E+01  0.11639898E+02
  0.10715130E+01  0.11744088E+02
  0.10885212E+01  0.11847299E+02
  0.11055293E+01  0.11949092E+02
  0.11225375E+01  0.12049103E+02
  0.11395456E+01  0.12147035E+02
  0.11565537E+01  0.12242649E+02
  0.11735619E+01  0.12335746E+02
  0.11905700E+01  0.12426167E+02
  0.12075782E+01  0.12513780E+02
  0.12245863E+01  0.12598482E+02
  0.12415945E+01  0.12680194E+02
  0.12586026E+01  0.12758869E+02
  0.12756108E+01  0.12834494E+02
  0.12926189E+01  0.12907096E+02
  0.13096270E+01  0.12976747E+02
  0.13266352E+01  0.13043559E+02
  0.13436433E+01  0.13107687E+02
  0.13606515E+01  0.13169308E+02
  0.13776596E+01  0.13228622E+02
  0.13946678E+01  0.13285839E+02
  0.14116759E+01  0.13341185E+02
  0.14286840E+01  0.13394914E+02
  0.14456922E+01  0.13447328E+02
  0.14627003E+01  0.13498786E+02
  0.14797085E+01  0.13549705E+02
  0.14967166E+01  0.13600525E+02
  0.15137248E+01  0.13651647E+02
  0.15307329E+01  0.13703326E+02
  0.15477410E+01  0.13755550E+02
  0.15647492E+01  0.13807938E+02
  0.15817573E+01  0.13859678E+02
  0.15987655E+01  0.13909558E+02
  0.16157736E+01  0.13956062E+02
  0.16327818E+01  0.13997512E+02
  0.16497899E+01  0.14032211E+02
  0.16667981E+01  0.14058529E+02
  0.16838062E+01  0.14074528E+02
  0.17008143E+01  0.14073722E+02
  0.17178225E+01  0.14071169E+02
  0.17348306E+01  0.14054199E+02
  0.17518387E+01  0.14023799E+02
  0.17688469E+01  0.13979603E+02
  0.17858550E+01  0.13921699E+02
  0.18028632E+01  0.13850518E+02
  0.18198713E+01  0.13766741E+02
  0.18368794E+01  0.13671281E+02
  0.18538876E+01  0.13565303E+02
  0.18708957E+01  0.13450318E+02
  0.18879038E+01  0.13328466E+02
  0.19049120E+01  0.13203271E+02
  0.19219201E+01  0.13081693E+02
  0.19389283E+01  0.12977791E+02
  0.19559364E+01  0.12907545E+02
  0.19729445E+01  0.12867846E+02
  0.19899527E+01  0.12844491E+02
  0.20069608E+01  0.12828808E+02
  0.20239689E+01  0.12816967E+02
  0.20409771E+01  0.12807193E+02
  0.20579852E+01  0.12798553E+02
  0.20749934E+01  0.12790492E+02
  0.20920015E+01  0.12782645E+02
  0.21090096E+01  0.12774753E+02
  0.21260178E+01  0.12766614E+02
  0.21430259E+01  0.12758049E+02
  0.21600340E+01  0.12748855E+02
  0.21770422E+01  0.12738711E+02
  0.21940503E+01  0.12726940E+02
  0.22110585E+01  0.12711875E+02
  0.22280666E+01  0.12689771E+02
  0.22450747E+01  0.12657293E+02
  0.22620829E+01  0.12618061E+02
  0.22790910E+01  0.12577353E+02
  0.22960991E+01  0.12537592E+02
  0.23131073E+01  0.12499615E+02
  0.23301154E+01  0.12463686E+02
  0.23471236E+01  0.12429873E+02
  0.23641317E+01  0.12398184E+02
  0.23811398E+01  0.12368631E+02
  0.23981480E+01  0.12341251E+02
  0.24151561E+01  0.12316119E+02
  0.24321642E+01  0.12293349E+02
  0.24491724E+01  0.12273082E+02
  0.24661805E+01  0.12255486E+02
  0.24831887E+01  0.12240735E+02
  0.25001968E+01  0.12229000E+02
  0.25172049E+01  0.12220434E+02
  0.25342131E+01  0.12215160E+02
  0.25512212E+01  0.12213262E+02
  0.25681518E+01  0.12193013E+02
  0.25850824E+01  0.12100125E+02
  0.26020130E+01  0.11973857E+02
  0.26189437E+01  0.11832257E+02
  0.26358743E+01  0.11681959E+02
  0.26528049E+01  0.11525860E+02
  0.26697355E+01  0.11365514E+02
  0.26866661E+01  0.11201907E+02
  0.27035967E+01  0.11035743E+02
  0.27205273E+01  0.10867578E+02
  0.27374580E+01  0.10697888E+02
  0.27543886E+01  0.10527122E+02
  0.27713192E+01  0.10355748E+02
  0.27882498E+01  0.10184310E+02
  0.28051804E+01  0.10013503E+02
  0.28221110E+01  0.98442832E+01
  0.28390416E+01  0.96780538E+01
  0.28559722E+01  0.95169824E+01
  0.28729029E+01  0.93645416E+01
  0.28898335E+01  0.92262587E+01
  0.29067641E+01  0.91099782E+01
  0.29236947E+01  0.90234389E+01
  0.29406253E+01  0.89686320E+01
  0.29575559E+01  0.89399591E+01
  0.29744865E+01  0.89292494E+01
  0.29914171E+01  0.89299745E+01
  0.30083478E+01  0.89378740E+01
  0.30252784E+01  0.89502867E+01
  0.30422090E+01  0.89655251E+01
  0.30591396E+01  0.89824883E+01
  0.30760702E+01  0.90004375E+01
  0.30930008E+01  0.90188598E+01
  0.31099314E+01  0.90373774E+01
  0.31268620E+01  0.90556871E+01
  0.31437927E+01  0.90735205E+01
  0.31607233E+01  0.90906218E+01
  0.31776539E+01  0.91067400E+01
  0.31945845E+01  0.91216355E+01
  0.32115151E+01  0.91350994E+01
  0.32284457E+01  0.91469944E+01
  0.32453763E+01  0.91573383E+01
  0.32623070E+01  0.91665061E+01
  0.32792376E+01  0.91758361E+01
  0.32961682E+01  0.91900363E+01
  0.33130988E+01  0.92308027E+01
  0.33300294E+01  0.93914070E+01
  0.33469600E+01  0.96976656E+01
  0.33638906E+01  0.10041724E+02
  0.33808212E+01  0.10376903E+02
  0.33977519E+01  0.10668904E+02
  0.34146825E+01  0.10873048E+02
  0.34316131E+01  0.10944299E+02
  0.34485437E+01  0.10881053E+02
  0.34654743E+01  0.10735333E+02
  0.34824049E+01  0.10563897E+02
  0.34993355E+01  0.10401924E+02
  0.35162661E+01  0.10265872E+02
  0.35331968E+01  0.10160502E+02
  0.35501274E+01  0.10084081E+02
  0.35670580E+01  0.10031925E+02
  0.35839886E+01  0.99985030E+01
  0.36009192E+01  0.99784020E+01
  0.36178498E+01  0.99666054E+01
  0.36347804E+01  0.99585031E+01
  0.36517110E+01  0.99498759E+01
  0.36686417E+01  0.99369761E+01
  0.36855723E+01  0.99167336E+01
  0.37025029E+01  0.98870551E+01
  0.37194335E+01  0.98471192E+01
  0.37363641E+01  0.97975339E+01
  0.37532947E+01  0.97402476E+01
  0.37702253E+01  0.96781969E+01
  0.37871560E+01  0.96147870E+01
  0.38040866E+01  0.95533615E+01
  0.38210172E+01  0.94967917E+01
  0.38379478E+01  0.94472446E+01
  0.38548784E+01  0.94061211E+01
  0.38718090E+01  0.93741124E+01
  0.38887396E+01  0.93513229E+01
  0.39056702E+01  0.93374134E+01
  0.39226009E+01  0.93317379E+01
  0.39395315E+01  0.93334626E+01
  0.39564621E+01  0.93416639E+01
  0.39733927E+01  0.93554076E+01
  0.39903233E+01  0.93738109E+01
  0.40072539E+01  0.93960903E+01
  0.40241845E+01  0.94215936E+01
  
  0.00000000E+00  0.13078452E+02
  0.17008143E-01  0.13073452E+02
  0.34016287E-01  0.13073671E+02
  0.51024430E-01  0.13079065E+02
  0.68032573E-01  0.13089439E+02
  0.85040717E-01  0.13104479E+02
  0.10204886E+00  0.13123781E+02
  0.11905700E+00  0.13146887E+02
  0.13606515E+00  0.13173314E+02
  0.15307329E+00  0.13202568E+02
  0.17008143E+00  0.13234148E+02
  0.18708958E+00  0.13267539E+02
  0.20409772E+00  0.13302187E+02
  0.22110586E+00  0.13337478E+02
  0.23811401E+00  0.13372719E+02
  0.25512215E+00  0.13407125E+02
  0.27213029E+00  0.13439822E+02
  0.28913844E+00  0.13469868E+02
  0.30614658E+00  0.13496296E+02
  0.32315472E+00  0.13518166E+02
  0.34016287E+00  0.13534633E+02
  0.35717101E+00  0.13545021E+02
  0.37417915E+00  0.13548890E+02
  0.39118730E+00  0.13546091E+02
  0.40819544E+00  0.13536805E+02
  0.42520358E+00  0.13521551E+02
  0.44221173E+00  0.13501152E+02
  0.45921987E+00  0.13476667E+02
  0.47622801E+00  0.13449275E+02
  0.49323616E+00  0.13420121E+02
  0.51024430E+00  0.13390141E+02
  0.52725244E+00  0.13359899E+02
  0.54426059E+00  0.13329465E+02
  0.56126873E+00  0.13298382E+02
  0.57827687E+00  0.13265733E+02
  0.59528502E+00  0.13230297E+02
  0.61229316E+00  0.13190776E+02
  0.62930130E+00  0.13146034E+02
  0.64630945E+00  0.13095308E+02
  0.66331759E+00  0.13038364E+02
  0.68032573E+00  0.12975577E+02
  0.69733388E+00  0.12907936E+02
  0.71434202E+00  0.12836991E+02
  0.73135017E+00  0.12764736E+02
  0.74835831E+00  0.12693465E+02
  0.76536645E+00  0.12625607E+02
  0.78237460E+00  0.12563554E+02
  0.79938274E+00  0.12509515E+02
  0.81639088E+00  0.12465385E+02
  0.83339903E+00  0.12432657E+02
  0.85040717E+00  0.12412372E+02
  0.86741531E+00  0.12405104E+02
  0.88442346E+00  0.12410979E+02
  0.90143160E+00  0.12429713E+02
  0.91843974E+00  0.12460665E+02
  0.93544789E+00  0.12502890E+02
  0.95245603E+00  0.12555185E+02
  0.96946417E+00  0.12616128E+02
  0.98647232E+00  0.12684120E+02
  0.10034805E+01  0.12757420E+02
  0.10204886E+01  0.12834188E+02
  0.10374967E+01  0.12912550E+02
  0.10545049E+01  0.12990660E+02
  0.10715130E+01  0.13066785E+02
  0.10885212E+01  0.13139383E+02
  0.11055293E+01  0.13207179E+02
  0.11225375E+01  0.13269224E+02
  0.11395456E+01  0.13324933E+02
  0.11565537E+01  0.13374103E+02
  0.11735619E+01  0.13416898E+02
  0.11905700E+01  0.13453816E+02
  0.12075782E+01  0.13485631E+02
  0.12245863E+01  0.13513320E+02
  0.12415945E+01  0.13537987E+02
  0.12586026E+01  0.13560770E+02
  0.12756108E+01  0.13582764E+02
  0.12926189E+01  0.13604945E+02
  0.13096270E+01  0.13628112E+02
  0.13266352E+01  0.13652850E+02
  0.13436433E+01  0.13679510E+02
  0.13606515E+01  0.13708212E+02
  0.13776596E+01  0.13738868E+02
  0.13946678E+01  0.13771208E+02
  0.14116759E+01  0.13804815E+02
  0.14286840E+01  0.13839153E+02
  0.14456922E+01  0.13873600E+02
  0.14627003E+01  0.13907474E+02
  0.14797085E+01  0.13940068E+02
  0.14967166E+01  0.13970686E+02
  0.15137248E+01  0.13998684E+02
  0.15307329E+01  0.14023515E+02
  0.15477410E+01  0.14044756E+02
  0.15647492E+01  0.14062137E+02
  0.15817573E+01  0.14075549E+02
  0.15987655E+01  0.14085043E+02
  0.16157736E+01  0.14090809E+02
  0.16327818E+01  0.14093150E+02
  0.16497899E+01  0.14092451E+02
  0.16667981E+01  0.14089166E+02
  0.16838062E+01  0.14084235E+02
  0.17008143E+01  0.14083331E+02
  0.17178225E+01  0.14085662E+02
  0.17348306E+01  0.14087245E+02
  0.17518387E+01  0.14086570E+02
  0.17688469E+01  0.14083657E+02
  0.17858550E+01  0.14078240E+02
  0.18028632E+01  0.14069892E+02
  0.18198713E+01  0.14058117E+02
  0.18368794E+01  0.14042410E+02
  0.18538876E+01  0.14022293E+02
  0.18708957E+01  0.13997349E+02
  0.18879038E+01  0.13967247E+02
  0.19049120E+01  0.13931767E+02
  0.19219201E+01  0.13890817E+02
  0.19389283E+01  0.13844445E+02
  0.19559364E+01  0.13792840E+02
  0.19729445E+01  0.13736337E+02
  0.19899527E+01  0.13675400E+02
  0.20069608E+01  0.13610610E+02
  0.20239689E+01  0.13542648E+02
  0.20409771E+01  0.13472262E+02
  0.20579852E+01  0.13400248E+02
  0.20749934E+01  0.13327418E+02
  0.20920015E+01  0.13254576E+02
  0.21090096E+01  0.13182494E+02
  0.21260178E+01  0.13111894E+02
  0.21430259E+01  0.13043453E+02
  0.21600340E+01  0.12977815E+02
  0.21770422E+01  0.12915675E+02
  0.21940503E+01  0.12858004E+02
  0.22110585E+01  0.12806685E+02
  0.22280666E+01  0.12765605E+02
  0.22450747E+01  0.12738167E+02
  0.22620829E+01  0.12720765E+02
  0.22790910E+01  0.12708088E+02
  0.22960991E+01  0.12697651E+02
  0.23131073E+01  0.12688538E+02
  0.23301154E+01  0.12680404E+02
  0.23471236E+01  0.12673111E+02
  0.23641317E+01  0.12666598E+02
  0.23811398E+01  0.12660830E+02
  0.23981480E+01  0.12655773E+02
  0.24151561E+01  0.12651390E+02
  0.24321642E+01  0.12647634E+02
  0.24491724E+01  0.12644454E+02
  0.24661805E+01  0.12641794E+02
  0.24831887E+01  0.12639600E+02
  0.25001968E+01  0.12637826E+02
  0.25172049E+01  0.12636438E+02
  0.25342131E+01  0.12635418E+02
  0.25512212E+01  0.12634766E+02
  0.25681518E+01  0.12653296E+02
  0.25850824E+01  0.12736143E+02
  0.26020130E+01  0.12844622E+02
  0.26189437E+01  0.12961248E+02
  0.26358743E+01  0.13079912E+02
  0.26528049E+01  0.13198177E+02
  0.26697355E+01  0.13314880E+02
  0.26866661E+01  0.13429348E+02
  0.27035967E+01  0.13541119E+02
  0.27205273E+01  0.13649833E+02
  0.27374580E+01  0.13755199E+02
  0.27543886E+01  0.13856989E+02
  0.27713192E+01  0.13955054E+02
  0.27882498E+01  0.14049351E+02
  0.28051804E+01  0.14139965E+02
  0.28221110E+01  0.14227136E+02
  0.28390416E+01  0.14311278E+02
  0.28559722E+01  0.14392981E+02
  0.28729029E+01  0.14473011E+02
  0.28898335E+01  0.14552282E+02
  0.29067641E+01  0.14631820E+02
  0.29236947E+01  0.14712705E+02
  0.29406253E+01  0.14795999E+02
  0.29575559E+01  0.14882664E+02
  0.29744865E+01  0.14973464E+02
  0.29914171E+01  0.15068869E+02
  0.30083478E+01  0.15168958E+02
  0.30252784E+01  0.15273326E+02
  0.30422090E+01  0.15381003E+02
  0.30591396E+01  0.15490390E+02
  0.30760702E+01  0.15599217E+02
  0.30930008E+01  0.15704530E+02
  0.31099314E+01  0.15802718E+02
  0.31268620E+01  0.15889572E+02
  0.31437927E+01  0.15960407E+02
  0.31607233E+01  0.16010217E+02
  0.31776539E+01  0.16033891E+02
  0.31945845E+01  0.16026466E+02
  0.32115151E+01  0.15983409E+02
  0.32284457E+01  0.15900921E+02
  0.32453763E+01  0.15776254E+02
  0.32623070E+01  0.15608007E+02
  0.32792376E+01  0.15396423E+02
  0.32961682E+01  0.15143659E+02
  0.33130988E+01  0.14854071E+02
  0.33300294E+01  0.14534567E+02
  0.33469600E+01  0.14195160E+02
  0.33638906E+01  0.13850065E+02
  0.33808212E+01  0.13519952E+02
  0.33977519E+01  0.13236156E+02
  0.34146825E+01  0.13044504E+02
  0.34316131E+01  0.12991935E+02
  0.34485437E+01  0.13081765E+02
  0.34654743E+01  0.13262938E+02
  0.34824049E+01  0.13478290E+02
  0.34993355E+01  0.13690117E+02
  0.35162661E+01  0.13876880E+02
  0.35331968E+01  0.14026646E+02
  0.35501274E+01  0.14133347E+02
  0.35670580E+01  0.14194959E+02
  0.35839886E+01  0.14212559E+02
  0.36009192E+01  0.14189738E+02
  0.36178498E+01  0.14132123E+02
  0.36347804E+01  0.14046901E+02
  0.36517110E+01  0.13942276E+02
  0.36686417E+01  0.13826847E+02
  0.36855723E+01  0.13708907E+02
  0.37025029E+01  0.13595721E+02
  0.37194335E+01  0.13492893E+02
  0.37363641E+01  0.13403956E+02
  0.37532947E+01  0.13330313E+02
  0.37702253E+01  0.13271527E+02
  0.37871560E+01  0.13225870E+02
  0.38040866E+01  0.13190938E+02
  0.38210172E+01  0.13164207E+02
  0.38379478E+01  0.13143407E+02
  0.38548784E+01  0.13126742E+02
  0.38718090E+01  0.13112948E+02
  0.38887396E+01  0.13101261E+02
  0.39056702E+01  0.13091328E+02
  0.39226009E+01  0.13083088E+02
  0.39395315E+01  0.13076663E+02
  0.39564621E+01  0.13072263E+02
  0.39733927E+01  0.13070104E+02
  0.39903233E+01  0.13070363E+02
  0.40072539E+01  0.13073141E+02
  0.40241845E+01  0.13078452E+02
  
