C 6.15 -6.391267479900001 0.0
C 7.380000000000001 -8.5216899732 0.0
C 0.0 0.0 0.0
C 2.46 0.0 0.0
C 3.69 -2.1304224933 0.0
C 6.15 -2.1304224933 0.0
C 7.38 -4.2608449866 0.0
C 2.46 4.2608449866 0.0
C 3.69 2.1304224933 0.0
C 6.15 2.1304224933 0.0
C 7.38 0.0 0.0
C 9.84 0.0 0.0
C 3.69 6.391267479900001 0.0
C 6.15 6.391267479900001 0.0
C 7.38 4.2608449866 0.0
C 3.865714285707071 -3.043460704710121 3.35
C 5.7985714285606065 -4.5651910570651815 3.35
C 8.082857142846322 -3.6521528456467305 3.35
C 0.0 0.0 3.35
C 2.2842857142857143 0.9130382114184509 3.35
C 4.21714285713925 -0.6086921409366097 3.35
C 6.501428571424965 0.3043460704818415 3.35
C 8.4342857142785 -1.2173842818732195 3.35
C 2.635714285717893 3.3478067751919625 3.35
C 4.920000000003608 4.260844986610413 3.35
C 6.852857142857143 2.7391146342553525 3.35
C 9.137142857142857 3.6521528456738035 3.35
C 3.338571428582251 8.217343902738985 3.35
C 5.271428571435786 6.695613550383925 3.35
